0.000000000; 0.000000000; 0.000000000; 0.000000000
0.001250000; 0.000000000; 0.000000000; 0.000000000
0.002500000; 0.000000000; 0.000000000; 0.000000000
0.002500000; 0.001461538; 0.000000000; 0.000000000
-0.000000000; 0.001482759; 0.000000000; 0.000000000
0.002500000; 0.002923077; 0.000000000; 0.000000000
-0.000000000; 0.002965517; 0.000000000; 0.000000000
0.002500000; 0.004384615; 0.000000000; 0.000000000
-0.000000000; 0.004448276; 0.000000000; 0.000000000
0.002500000; 0.005846154; 0.000000000; 0.000000000
-0.000000000; 0.005931034; 0.000000000; 0.000000000
0.002500000; 0.007307692; 0.000000000; 0.000000000
-0.000000000; 0.007413793; 0.000000000; 0.000000000
0.002500000; 0.008769231; 0.000000000; 0.000000000
-0.000000000; 0.008896552; 0.000000000; 0.000000001
0.002500000; 0.010230769; 0.000000000; 0.000000000
-0.000000000; 0.010379310; 0.000000000; 0.000000001
0.002500000; 0.011692308; 0.000000000; 0.000000000
-0.000000000; 0.011862069; 0.000000000; 0.000000003
0.002500000; 0.013153846; 0.000000000; 0.000000000
-0.000000000; 0.013344828; 0.000000000; 0.000000008
0.002500000; 0.014615385; 0.000000000; 0.000000000
-0.000000000; 0.014827586; 0.000000000; 0.000000017
0.002500000; 0.016076923; 0.000000000; 0.000000000
-0.000000000; 0.016310345; 0.000000000; 0.000000040
0.002500000; 0.017538462; 0.000000000; 0.000000000
-0.000000000; 0.017793103; 0.000000000; 0.000000091
0.002500000; 0.019000000; 0.000000000; 0.000000000
-0.000000000; 0.019275862; 0.000000000; 0.000000194
-0.000000000; 0.020758621; 0.000000000; 0.000000321
-0.000000000; 0.022241379; 0.000000000; 0.000000506
-0.000000000; 0.023724138; 0.000000000; 0.000000705
-0.000000000; 0.025206897; 0.000000000; 0.000000901
-0.000000000; 0.026689655; 0.000000000; 0.000001084
-0.000000000; 0.028172414; 0.000000000; 0.000001247
-0.000000000; 0.029655172; 0.000000000; 0.000001418
-0.000000000; 0.031137931; 0.000000000; 0.000001771
-0.000000000; 0.032620690; 0.000000000; 0.000002831
-0.000000000; 0.034103448; 0.000000000; 0.000005352
-0.000000000; 0.035586207; 0.000000000; 0.000007991
-0.000000000; 0.037068966; 0.000000000; 0.000002389
-0.000000000; 0.038551724; 0.000000000; -0.000040320
-0.000000000; 0.040034483; 0.000000000; -0.000078138
-0.000000000; 0.041517241; 0.000000000; -0.000081560
-0.000000000; 0.043000000; 0.000000000; -0.000062101
0.000625000; 0.000678961; -0.000000000; 0.000000000
0.001448418; 0.001095609; -0.000000000; 0.000000000
0.001285077; 0.002263724; -0.000000000; 0.000000000
0.001260396; 0.003668941; -0.000000000; 0.000000000
0.001255628; 0.005142657; -0.000000000; 0.000000000
0.001255732; 0.006613299; -0.000000000; 0.000000000
0.001256618; 0.008083428; -0.000000000; 0.000000000
0.001257604; 0.009553471; -0.000000000; 0.000000001
0.001258577; 0.011023501; -0.000000000; 0.000000002
0.001259518; 0.012493528; -0.000000001; 0.000000004
0.001260423; 0.013963554; -0.000000002; 0.000000008
0.001261293; 0.015433581; -0.000000005; 0.000000018
0.001262126; 0.016903607; -0.000000010; 0.000000041
0.001262924; 0.018373634; -0.000000014; 0.000000093
0.001263685; 0.019843660; 0.000000016; 0.000000212
0.002500000; 0.020461538; -0.000000038; 0.000000286
0.001264411; 0.021313687; -0.000000024; 0.000000391
0.002500000; 0.021923077; -0.000000079; 0.000000485
0.001265100; 0.022783714; -0.000000044; 0.000000583
0.002500000; 0.023384615; -0.000000093; 0.000000668
0.001265753; 0.024253740; -0.000000047; 0.000000778
0.002500000; 0.024846154; -0.000000091; 0.000000856
0.001266371; 0.025723767; -0.000000041; 0.000000970
0.002500000; 0.026307692; -0.000000085; 0.000001057
0.001285672; 0.027149413; -0.000000042; 0.000001151
0.002500000; 0.027769231; -0.000000107; 0.000001293
0.001289110; 0.028611731; -0.000000094; 0.000001330
0.002500000; 0.029230769; -0.000000252; 0.000001585
0.001290587; 0.030078414; -0.000000306; 0.000001526
0.002500000; 0.030692308; -0.000000684; 0.000001856
0.001291758; 0.031545618; -0.000000785; 0.000001843
0.002500000; 0.032153846; -0.000001347; 0.000001577
0.001292819; 0.033012883; -0.000001073; 0.000002546
0.002500000; 0.033615385; -0.000000713; -0.000000877
0.001293794; 0.034480156; 0.000001648; 0.000003964
0.002500000; 0.035076923; 0.000006991; -0.000008253
0.001346994; 0.035807692; 0.000013533; 0.000005034
0.002500000; 0.036538462; 0.000034458; -0.000020635
0.001481915; 0.037146770; 0.000045565; 0.000000593
0.002500000; 0.038000000; 0.000114510; -0.000000921
0.003935788; 0.038094107; 0.000256069; 0.000151808
0.001081450; 0.038173913; 0.000040010; -0.000023297
0.005347009; 0.038374816; 0.000337812; 0.000367700
0.006709518; 0.038837325; 0.000355304; 0.000629352
0.003136395; 0.039290482; 0.000087301; 0.000037087
0.004431343; 0.039290482; 0.000150681; 0.000201165
0.001515902; 0.039406972; 0.000036512; -0.000048842
0.008000000; 0.039473721; 0.000308646; 0.000924952
0.005728752; 0.039516560; 0.000183196; 0.000425128
0.006878542; 0.040121194; 0.000126268; 0.000655767
0.009196376; 0.040273113; 0.000184556; 0.001248474
0.002553460; 0.040718558; -0.000030383; -0.000012170
0.003938927; 0.040767724; -0.000046088; 0.000116915
0.007905893; 0.040909509; -0.000004946; 0.000904186
0.001195318; 0.040909734; -0.000022428; -0.000070727
0.005302263; 0.040920988; -0.000059017; 0.000321220
0.010278175; 0.041221825; -0.000017649; 0.001584878
0.006520586; 0.041601781; -0.000176539; 0.000567551
0.008906956; 0.041790511; -0.000193682; 0.001185176
0.001920316; 0.041933941; -0.000094709; -0.000042703
0.003266688; 0.041958751; -0.000165976; 0.000043348
0.000873127; 0.042072183; -0.000045420; -0.000068984
0.004521800; 0.042131486; -0.000245599; 0.000185818
0.005591502; 0.042261958; -0.000305738; 0.000369374
0.011226887; 0.042303624; -0.000296987; 0.001922435
0.007575142; 0.042421412; -0.000362409; 0.000820244
0.009867008; 0.042667115; -0.000416210; 0.001491240
0.006365034; 0.042959705; -0.000480222; 0.000518909
0.001250000; 0.043000000; -0.000094173; -0.000045108
0.002500000; 0.043000000; -0.000202353; 0.000004836
0.003835126; 0.043150433; -0.000351041; 0.000111796
0.008619141; 0.043250090; -0.000584367; 0.001112037
0.010775468; 0.043470509; -0.000648423; 0.001811435
0.012026279; 0.043500000; -0.000651420; 0.002252864
0.005103302; 0.043594187; -0.000555912; 0.000269910
0.007414822; 0.043807502; -0.000729932; 0.000765917
0.009659864; 0.044256390; -0.000888907; 0.001448275
0.006240939; 0.044309011; -0.000830112; 0.000470542
0.008365963; 0.044466971; -0.000949626; 0.001029633
0.011134194; 0.044589847; -0.001008056; 0.001974314
0.012662675; 0.044790482; -0.001087483; 0.002563401
0.007190989; 0.045259061; -0.001182851; 0.000655948
0.008734451; 0.045573567; -0.001325758; 0.001125416
0.010135539; 0.045652286; -0.001371055; 0.001626457
0.011603045; 0.045878773; -0.001473551; 0.002200645
0.013125184; 0.046152991; -0.001602796; 0.002839168
0.007905813; 0.046396698; -0.001637061; 0.000795740
0.009221777; 0.046693759; -0.001758926; 0.001268923
0.010567837; 0.046888618; -0.001853478; 0.001805074
0.011992838; 0.047198412; -0.002006018; 0.002419240
0.013405893; 0.047564212; -0.002192856; 0.003063261
0.008349567; 0.047664874; -0.002185733; 0.000851233
0.009652444; 0.047942463; -0.002297463; 0.001403883
0.012440916; 0.048405179; -0.002548952; 0.002677819
0.011072614; 0.048553034; -0.002586055; 0.002042992
0.008500000; 0.049000000; -0.002816909; 0.000799599
0.013500000; 0.049000000; -0.002849085; 0.003221775
0.009840638; 0.049391078; -0.002991910; 0.001437392
0.012233235; 0.049710237; -0.003168952; 0.002639878
0.010914637; 0.050332753; -0.003477660; 0.001970672
0.008500000; 0.050490909; -0.003587825; 0.000674561
0.013500000; 0.050490909; -0.003599785; 0.003348067
0.012231746; 0.051198700; -0.003960053; 0.002702326
0.009791165; 0.051236364; -0.003977758; 0.001337400
0.010990716; 0.051947123; -0.004380215; 0.002010271
0.008500000; 0.051981818; -0.004430485; 0.000549436
0.013500000; 0.051981818; -0.004432618; 0.003475951
0.012228574; 0.052717421; -0.004848945; 0.002763014
0.009778295; 0.052725179; -0.004853599; 0.001269722
0.011001068; 0.053469544; -0.005310987; 0.002015442
0.013500000; 0.053472727; -0.005343290; 0.003599808
0.008500000; 0.053472727; -0.005343430; 0.000427781
0.012248235; 0.054198927; -0.005791003; 0.002835065
0.009772995; 0.054217748; -0.005803513; 0.001206994
0.011007929; 0.054963483; -0.006297535; 0.002019904
0.013500000; 0.054963636; -0.006326957; 0.003719748
0.008500000; 0.054963636; -0.006327397; 0.000308814
0.009777454; 0.055709039; -0.006823481; 0.001152376
0.012252024; 0.055723296; -0.006833763; 0.002897769
0.013500000; 0.056454545; -0.007381171; 0.003835765
0.008500000; 0.056454545; -0.007381238; 0.000193125
0.011015037; 0.056464983; -0.007360173; 0.002025462
0.009767410; 0.057213399; -0.007922644; 0.001088617
0.012263721; 0.057222983; -0.007930150; 0.002964115
0.008500000; 0.057945455; -0.008503407; 0.000080526
0.013500000; 0.057945455; -0.008503423; 0.003948439
0.011021683; 0.057957699; -0.008485098; 0.002031276
0.012261950; 0.058702395; -0.009078080; 0.003018310
0.009784530; 0.058702401; -0.009077606; 0.001047819
0.013500000; 0.059436364; -0.009691651; 0.004057566
0.008500000; 0.059436364; -0.009691639; -0.000028225
0.011023269; 0.059461955; -0.009685589; 0.002033649
0.009772752; 0.060185968; -0.010293150; 0.000986051
0.012263026; 0.060189914; -0.010296879; 0.003073377
0.013500000; 0.060927273; -0.010943779; 0.004163259
0.008500000; 0.060927273; -0.010943722; -0.000133851
0.011019104; 0.060941675; -0.010930034; 0.002031105
0.009769695; 0.061686135; -0.011585595; 0.000932161
0.012263722; 0.061695711; -0.011594400; 0.003127033
0.008500000; 0.062418182; -0.012257975; -0.000236149
0.013500000; 0.062418182; -0.012258003; 0.004265596
0.011022163; 0.062430365; -0.012243734; 0.002034681
0.012260621; 0.063174401; -0.012929028; 0.003174609
0.009784530; 0.063175128; -0.012929316; 0.000896504
0.013500000; 0.063909091; -0.013632134; 0.004364629
0.008500000; 0.063909091; -0.013632151; -0.000334736
0.011023865; 0.063934309; -0.013631486; 0.002037220
0.009776330; 0.064656461; -0.014324659; 0.000841861
0.012253978; 0.064658749; -0.014327149; 0.003217032
0.010999956; 0.065400000; -0.015040643; 0.002014870
0.013500000; 0.065400000; -0.015064331; 0.004460411
0.008500000; 0.065400000; -0.015064234; -0.000430213
0.012208835; 0.066145455; -0.015783719; 0.003218980
0.009783376; 0.066145538; -0.015783766; 0.000803056
0.013500000; 0.066890909; -0.016552418; 0.004552238
0.008500000; 0.066890909; -0.016552231; -0.000522284
0.011000000; 0.066890909; -0.016529489; 0.002014946
0.012208835; 0.067636364; -0.017299551; 0.003262932
0.009791165; 0.067636364; -0.017299463; 0.000767114
0.011000000; 0.068381818; -0.018072243; 0.002015056
0.013500000; 0.068381818; -0.018094238; 0.004641018
0.008500000; 0.068381818; -0.018094130; -0.000610935
0.012208835; 0.069127273; -0.018868258; 0.003305145
0.009791165; 0.069127273; -0.018868212; 0.000725036
0.011000000; 0.069872727; -0.019666891; 0.002015126
0.013500000; 0.069872727; -0.019688016; 0.004726542
0.008500000; 0.069872727; -0.019687941; -0.000696311
0.012208835; 0.070618182; -0.020487918; 0.003345740
0.009791165; 0.070618182; -0.020487885; 0.000684572
0.008500000; 0.071363636; -0.021331715; -0.000778409
0.011000000; 0.071363636; -0.021311486; 0.002015190
0.013500000; 0.071363636; -0.021331780; 0.004808782
0.009791165; 0.072109091; -0.022156534; 0.000645691
0.012208835; 0.072109091; -0.022156564; 0.003384752
0.008500000; 0.072854545; -0.023023500; -0.000857255
0.011000000; 0.072854545; -0.023004083; 0.002015253
0.013500000; 0.072854545; -0.023023563; 0.004887761
0.009791165; 0.073600000; -0.023872218; 0.000608375
0.012208835; 0.073600000; -0.023872248; 0.003422196
0.008500000; 0.074345455; -0.024761366; -0.000932872
0.011000000; 0.074345455; -0.024742741; 0.002015314
0.013500000; 0.074345455; -0.024761431; 0.004963504
0.009791165; 0.075090909; -0.025633008; 0.000572599
0.012208835; 0.075090909; -0.025633039; 0.003458106
0.008500000; 0.075836364; -0.026543400; -0.001005268
0.011000000; 0.075836364; -0.026525533; 0.002015359
0.013500000; 0.075836364; -0.026543448; 0.005036013
0.009791165; 0.076581818; -0.027436937; 0.000538285
0.012216576; 0.076581818; -0.027437085; 0.003501959
0.008500000; 0.077327273; -0.028367728; -0.001074367
0.013500000; 0.077327273; -0.028367653; 0.005105377
0.011000044; 0.077327273; -0.028350660; 0.002015573
0.009751356; 0.078003775; -0.029196275; 0.000457365
0.012222564; 0.078072727; -0.029282340; 0.003542437
0.008500000; 0.078818182; -0.030231927; -0.001140681
0.010991703; 0.078818182; -0.030215956; 0.002005023
0.013500000; 0.078818182; -0.030232248; 0.005171669
0.012224852; 0.079563636; -0.031167089; 0.003576942
0.009751356; 0.079632588; -0.031255294; 0.000422380
0.008500000; 0.080309091; -0.032135584; -0.001203902
0.013500000; 0.080309091; -0.032135497; 0.005234920
0.011000044; 0.080309091; -0.032120045; 0.002015549
0.009791165; 0.081054545; -0.033089333; 0.000444843
0.012208835; 0.081054545; -0.033089418; 0.003586333
0.008500000; 0.081800000; -0.034075386; -0.001263688
0.011000000; 0.081800000; -0.034060600; 0.002015613
0.013500000; 0.081800000; -0.034075431; 0.005294924
0.012208835; 0.082545455; -0.035047502; 0.003614783
0.009783287; 0.082545485; -0.035047568; 0.000406059
0.008500000; 0.083290909; -0.036050095; -0.001320640
0.013500000; 0.083290909; -0.036050145; 0.005352011
0.010994512; 0.083291920; -0.036037458; 0.002008334
0.012208835; 0.084036364; -0.037039578; 0.003641747
0.009774232; 0.084037062; -0.037040585; 0.000366833
0.008500000; 0.084781818; -0.038057873; -0.001374637
0.013500000; 0.084781818; -0.038057918; 0.005406084
0.010991882; 0.084787157; -0.038051926; 0.002004671
0.009756694; 0.085535481; -0.039075208; 0.000316998
0.012230297; 0.085540680; -0.039082296; 0.003696790
0.008500000; 0.086272727; -0.040097036; -0.001425806
0.013500000; 0.086272727; -0.040097129; 0.005457445
0.010981231; 0.086282448; -0.040098019; 0.001989949
0.009743347; 0.087026074; -0.041129748; 0.000273855
0.012215470; 0.087029674; -0.041134622; 0.003700675
0.008500000; 0.087763636; -0.042165886; -0.001474183
0.013500000; 0.087763636; -0.042165995; 0.005505727
0.010976135; 0.087788855; -0.042189417; 0.001982524
0.012223670; 0.088511006; -0.043204981; 0.003734844
0.009746022; 0.088513294; -0.043208285; 0.000254188
0.008500000; 0.089254545; -0.044262757; -0.001519766
0.013500000; 0.089254545; -0.044262811; 0.005551327
0.011000044; 0.089254545; -0.044251645; 0.002015931
0.009791165; 0.090000000; -0.045312888; 0.000296405
0.012208835; 0.090000000; -0.045312887; 0.003735398
0.008500000; 0.090745455; -0.046385866; -0.001562266
0.011000000; 0.090745455; -0.046375375; 0.002015925
0.013500000; 0.090745455; -0.046385873; 0.005594058
0.009783325; 0.091490909; -0.047449011; 0.000265047
0.012208835; 0.091490909; -0.047448940; 0.003755544
0.008500000; 0.092236364; -0.048533476; -0.001602221
0.010999956; 0.092236364; -0.048523782; 0.002015841
0.013500000; 0.092236364; -0.048533573; 0.005634048
0.012248644; 0.092912866; -0.049508610; 0.003831366
0.009775148; 0.092981818; -0.049608891; 0.000234363
0.008500000; 0.093727273; -0.050704165; -0.001639618
0.011008297; 0.093727273; -0.050695085; 0.002028114
0.013500000; 0.093727273; -0.050704044; 0.005671590
0.009777436; 0.094472727; -0.051791036; 0.000220106
0.012248644; 0.094541679; -0.051892565; 0.003850995
0.010999956; 0.095218182; -0.052888017; 0.002016006
0.008500000; 0.095218182; -0.052896410; -0.001674424
0.013500000; 0.095218182; -0.052896521; 0.005706558
0.009783424; 0.095963636; -0.053993928; 0.000212612
0.012208835; 0.095963636; -0.053993884; 0.003807990
0.008500000; 0.096709091; -0.055108634; -0.001706694
0.011000000; 0.096709091; -0.055100793; 0.002016057
0.013500000; 0.096709091; -0.055108677; 0.005738830
0.009791165; 0.097454545; -0.056215990; 0.000209053
0.012208835; 0.097454545; -0.056216009; 0.003823124
0.008500000; 0.098200000; -0.057339318; -0.001736529
0.011000000; 0.098200000; -0.057332097; 0.002016103
0.013500000; 0.098200000; -0.057339357; 0.005768741
0.009791165; 0.098945455; -0.058455843; 0.000195190
0.012208835; 0.098945455; -0.058455865; 0.003837056
0.008500000; 0.099690909; -0.059587069; -0.001764020
0.011000000; 0.099690909; -0.059580441; 0.002016140
0.013500000; 0.099690909; -0.059587114; 0.005796303
0.009791165; 0.100436364; -0.060712048; 0.000182457
0.012208835; 0.100436364; -0.060712076; 0.003849861
0.010999993; 0.101181818; -0.061844434; 0.002016168
0.008500000; 0.101181818; -0.061850509; -0.001789230
0.013500000; 0.101181818; -0.061850562; 0.005821567
0.009791165; 0.101927273; -0.062983244; 0.000170795
0.012208835; 0.101927273; -0.062983270; 0.003861608
0.010999956; 0.102672727; -0.064122746; 0.002016142
0.008500000; 0.102672727; -0.064128279; -0.001812223
0.013500000; 0.102672727; -0.064128298; 0.005844560
0.012254193; 0.103414351; -0.065262311; 0.003941875
0.009777436; 0.103418182; -0.065268134; 0.000139099
0.011025155; 0.104140652; -0.066378679; 0.002054966
0.008500000; 0.104163636; -0.066419100; -0.001833139
0.013500000; 0.104163636; -0.066419098; 0.005865581
0.012257897; 0.104897099; -0.067546938; 0.003957541
0.009791165; 0.104909091; -0.067565380; 0.000150599
0.011024659; 0.105620898; -0.068665138; 0.002054417
0.008500000; 0.105654545; -0.068721737; -0.001851910
0.013500000; 0.105654545; -0.068721730; 0.005884524
0.009757145; 0.106361027; -0.069813400; 0.000089437
0.012243372; 0.106388508; -0.069856053; 0.003944066
0.011002828; 0.107131728; -0.071009601; 0.002020672
0.008500000; 0.107145455; -0.071034925; -0.001868849
0.013500000; 0.107145455; -0.071034977; 0.005901474
0.009757565; 0.107877129; -0.072170876; 0.000082038
0.012228320; 0.107888994; -0.072189364; 0.003928656
0.010998120; 0.108631460; -0.073346466; 0.002013375
0.008500000; 0.108636364; -0.073357674; -0.001883923
0.013500000; 0.108636364; -0.073357717; 0.005916547
0.009791165; 0.109381818; -0.074519693; 0.000127445
0.012208835; 0.109381818; -0.074519711; 0.003905219
0.011000007; 0.110127273; -0.075685651; 0.002016354
0.013500000; 0.110127273; -0.075688820; 0.005929824
0.008500000; 0.110127273; -0.075688794; -0.001897146
0.009791165; 0.110872727; -0.076854917; 0.000121421
0.012208835; 0.110872727; -0.076854928; 0.003911286
0.011000001; 0.111618182; -0.078024512; 0.002016367
0.013500000; 0.111618182; -0.078027259; 0.005941451
0.008500000; 0.111618182; -0.078027238; -0.001908725
0.009791165; 0.112363636; -0.079196976; 0.000116197
0.012208835; 0.112363636; -0.079196985; 0.003916552
0.011000000; 0.113109091; -0.080369724; 0.002016385
0.013500000; 0.113109091; -0.080372085; 0.005951505
0.008500000; 0.113109091; -0.080372067; -0.001918736
0.012208835; 0.113854545; -0.081544943; 0.003921078
0.009791165; 0.113854545; -0.081544934; 0.000111708
0.011000000; 0.114600000; -0.082720380; 0.002016405
0.013500000; 0.114600000; -0.082722386; 0.005960086
0.008500000; 0.114600000; -0.082722365; -0.001927275
0.009783686; 0.115345455; -0.083897915; 0.000096096
0.012208835; 0.115345455; -0.083897920; 0.003924918
0.013500000; 0.116090909; -0.085077312; 0.005967297
0.008500000; 0.116090909; -0.085077289; -0.001934460
0.011000000; 0.116090909; -0.085075633; 0.002016421
0.009783424; 0.116836364; -0.086255095; 0.000092492
0.012208835; 0.116836364; -0.086255101; 0.003928129
0.008500000; 0.117581818; -0.087436056; -0.001940383
0.010999956; 0.117581818; -0.087434697; 0.002016366
0.013500000; 0.117581818; -0.087436067; 0.005973236
0.012253850; 0.118323070; -0.088609089; 0.004002030
0.009777436; 0.118327273; -0.088615728; 0.000080397
0.011023103; 0.119047509; -0.089756883; 0.002053058
0.013500000; 0.119072727; -0.089797948; 0.005978063
0.008500000; 0.119072727; -0.089797942; -0.001945165
0.009778849; 0.119804774; -0.090957861; 0.000080569
0.012256356; 0.119810290; -0.090966623; 0.004008165
0.011017879; 0.120553915; -0.092146038; 0.002044819
0.013500000; 0.120563636; -0.092162309; 0.005981847
0.008500000; 0.120563636; -0.092162299; -0.001948913
0.009770809; 0.121297599; -0.093326433; 0.000066191
0.012243306; 0.121300882; -0.093331653; 0.003989144
0.011009562; 0.122049484; -0.094519886; 0.002031647
0.008500000; 0.122054545; -0.094528550; -0.001951755
0.013500000; 0.122054545; -0.094528560; 0.005984705
0.012234171; 0.122799052; -0.095710324; 0.003975892
0.009791165; 0.122800000; -0.095711816; 0.000097288
0.011000182; 0.123533129; -0.096876155; 0.002016773
0.008500000; 0.123545455; -0.096896179; -0.001953797
0.013500000; 0.123545455; -0.096896186; 0.005986767
0.009751378; 0.124221996; -0.097970614; 0.000033283
0.012222479; 0.124291157; -0.098080491; 0.003958195
0.013500000; 0.125036364; -0.099264749; 0.005988160
0.008500000; 0.125036364; -0.099264738; -0.001955182
0.010992337; 0.125037085; -0.099265594; 0.002004317
0.009750798; 0.125770371; -0.100430902; 0.000031768
0.012228229; 0.125783821; -0.100452277; 0.003967899
0.010998661; 0.126526640; -0.101632705; 0.002014368
0.013500000; 0.126527273; -0.101633890; 0.005989013
0.008500000; 0.126527273; -0.101633885; -0.001956024
0.009760475; 0.127270295; -0.102814624; 0.000046814
0.012228706; 0.127282311; -0.102833723; 0.003968992
0.010998449; 0.127972136; -0.103930046; 0.002014035
0.008500000; 0.128018182; -0.104003319; -0.001956455
0.013500000; 0.128018182; -0.104003322; 0.005989453
0.012210109; 0.128837663; -0.105305693; 0.003939601
0.009790809; 0.128842174; -0.105312862; 0.000094860
0.010999567; 0.129104687; -0.105730074; 0.002015814
0.008500000; 0.129509091; -0.106372839; -0.001956612
0.013500000; 0.129509091; -0.106372840; 0.005989615
0.010412658; 0.129952477; -0.107077485; 0.001083084
0.011584946; 0.129986038; -0.107130824; 0.002946114
0.009390693; 0.130060749; -0.107249580; -0.000541072
0.012609011; 0.130066558; -0.107258814; 0.004573607
0.008500000; 0.131000000; -0.108742327; -0.001956636
0.009750000; 0.131000000; -0.108742304; 0.000029946
0.011000000; 0.131000000; -0.108742284; 0.002016503
0.012250000; 0.131000000; -0.108742304; 0.004003059
0.013500000; 0.131000000; -0.108742327; 0.005989640
